271
67
182
287
875
384
558
266
133
104
326
639
525
250
183
748
524
285
860
365
965
715
747
135
740
753
881
153
803
546
488
141
614
13
419
942
682
309
345
430
6
685
499
808
377
970
711
364
353
219
473
99
125
476
905
535
116
820
58
616
500
401
417
275
101
40
324
22
198
838
75
513
404
302
35
921
98
336
703
613
464
487
492
211
17
658
199
399
917
735
791
919
786
269
81
857
366
44
583
599
801
72
239
999
306
952
825
220
615
1000
316
670
381
245
12
373
465
966
698
652
550
298
961
909
507
632
480
475
491
798
21
719
774
971
111
901
778
483
121
827
775
870
733
927
660
315
292
470
515
120
33
114
752
299
849
79
608
238
681
543
627
947
451
71
646
655
596
754
115
421
863
912
678
728
619
968
544
195
511
148
877
426
759
609
156
799
911
792
929
595
43
974
990
969
959
502
850
466
523
874
560
177
107
247
749
341
831
756
5
672
914
767
666
893
725
885
697
588
693
552
276
57
731
193
846
812
883
372
124
553
941
188
978
987
162
606
143
878
532
440
589
629
354
887
527
454
60
770
277
758
869
16
755
467
691
130
648
290
956
462
19
712
819
907
358
145
397
28
432
190
957
734
536
54
413
891
221
738
701
139
383
559
699
503
718
622
348
918
656
468
497
37
576
771
785
392
612
228
169
700
895
951
714
847
407
745
137
203
109
751
229
479
457
640
356
924
899
189
571
484
981
805
261
378
243
746
64
376
677
112
147
434
194
634
441
231
267
557
284
371
159
411
179
866
795
882
800
826
56
433
651
724
586
63
996
30
903
884
338
396
780
514
368
664
93
456
844
519
854
94
140
274
213
4
814
445
605
534
329
602
165
567
631
967
375
498
537
47
636
839
975
138
74
173
185
824
958
505
91
395
402
249
334
624
837
580
204
2
741
170
427
946
90
92
8
997
26
642
603
925
802
654
351
810
582
481
992
868
904
661
41
469
472
873
643
318
230
218
626
253
979
113
938
102
915
260
772
836
806
708
36
403
186
533
898
264
509
834
520
424
84
370
142
278
293
191
668
367
20
449
52
998
485
435
149
864
307
320
374
406
949
539
880
600
327
369
438
200
282
408
645
415
461
705
686
62
1
471
994
455
446
671
573
346
845
696
937
303
872
423
988
852
227
894
784
986
653
862
224
314
352
727
713
48
136
453
787
168
184
623
962
888
892
528
31
830
568
762
131
294
215
323
890
688
811
171
379
706
562
807
985
617
359
765
119
647
122
236
29
448
196
950
590
690
983
11
722
821
69
254
340
210
129
270
936
382
547
769
73
563
841
328
659
948
848
42
300
78
675
680
737
796
273
59
494
80
489
439
897
976
49
683
205
750
517
429
916
459
226
225
779
823
283
944
935
312
474
840
174
291
813
178
248
923
486
313
127
540
565
50
732
709
363
859
390
66
295
761
437
460
216
223
3
155
842
242
977
744
76
760
305
726
633
160
695
18
24
233
707
702
344
876
416
132
452
538
167
835
400
900
65
945
531
913
579
53
832
77
319
265
212
743
522
730
667
518
504
9
123
217
793
97
463
581
797
933
657
447
14
783
134
342
766
25
815
578
493
23
263
721
281
982
235
561
764
10
420
158
202
458
853
256
393
157
790
357
317
360
673
450
858
879
166
332
490
349
444
268
955
922
822
27
442
301
789
729
650
926
934
478
61
272
422
928
380
991
347
208
669
902
82
431
70
736
154
674
611
516
684
152
954
181
569
548
817
995
984
251
330
943
405
96
206
665
773
339
321
209
15
662
953
175
720
574
851
856
331
234
410
556
237
597
530
241
108
963
257
388
510
288
187
325
939
512
541
575
649
960
45
932
83
676
816
308
710
993
940
51
889
768
106
304
610
176
554
32
362
172
355
214
843
246
931
585
86
244
361
871
163
501
577
322
350
385
495
418
103
663
255
593
687
412
545
587
252
607
526
555
105
482
973
855
443
628
694
428
989
618
279
910
310
425
742
621
886
85
704
620
638
972
337
788
679
164
980
570
343
584
222
240
289
335
804
394
151
68
777
389
286
100
34
572
625
110
757
333
146
87
564
591
964
521
409
118
637
920
763
601
598
594
398
809
776
630
311
828
549
867
723
192
391
716
259
161
508
818
128
566
280
644
689
7
296
930
126
641
197
794
39
387
414
781
739
542
46
529
207
201
604
262
635
89
95
833
436
896
782
906
908
180
506
496
38
232
88
551
144
592
258
477
386
150
865
55
117
861
829
297
692
717
