6890
7771
9402
2107
4143
8542
4923
503
2441
4258
5347
4500
6350
4237
4261
8761
8239
4019
5155
5363
3488
7008
6123
3834
8972
1126
2800
7073
3714
3188
6669
5974
1336
3147
6170
6145
2656
7038
2442
5798
19
4437
7242
8056
3770
2254
7097
4873
1016
5985
2552
6279
5694
4677
2193
5066
427
1056
7552
8927
602
5612
8211
5648
7411
7162
619
3622
7875
6896
3554
9360
12
5706
9299
7062
1444
5362
698
3048
4469
5642
7013
3222
9663
4102
6968
6220
355
9723
626
5878
9396
3822
1498
1779
5756
6881
8758
6292
9729
5728
9085
9820
3033
4470
3294
3497
1545
80
3964
4582
2733
8928
4480
5437
3332
6357
6269
6171
9433
6243
3403
4451
9597
2659
8292
944
9639
581
8078
1129
7997
219
520
6241
1985
7691
8669
4674
5562
1753
8083
8920
820
1409
2233
5997
6854
4603
2567
3325
5995
1807
2854
9687
3404
1644
5026
9491
740
6334
6428
2177
5805
7981
6533
2170
1122
6202
818
1243
2466
9767
2909
337
9201
5160
2551
8024
1958
9362
3211
9976
4179
7658
1533
5086
3312
1418
7626
2324
5514
4476
2988
8765
8388
394
9593
5367
5956
5481
7276
4479
7236
2285
4263
1926
4181
5551
6328
8855
2626
4938
5012
2550
1678
2245
4649
5486
2237
4096
1148
1472
4343
2661
6104
367
3478
4946
8432
1916
1519
7053
5625
1849
2000
8484
9030
4662
1280
7742
9452
1596
7019
2102
7923
3207
955
4067
4246
3136
1186
1338
7022
8181
7922
9524
393
5731
9268
340
133
7924
1132
9092
2599
8492
6969
39
7178
7422
4002
4820
3200
627
7630
864
3263
2016
4116
595
1756
3886
3586
614
1783
4154
9168
496
9838
9044
8334
6410
8530
7828
7079
3180
1576
8036
1046
5453
6162
1246
3595
2153
8493
6717
1799
29
6316
1465
6436
5986
165
391
792
6180
6931
5557
27
920
7446
3304
8786
2002
7894
4900
7046
5742
8546
2538
2513
347
1339
2128
9897
7435
6919
1870
5968
269
7340
2182
9832
8246
4701
7880
3928
5759
1875
1053
6223
6879
6174
7822
4745
9839
3227
1777
2915
9659
7585
7445
4837
432
5644
8760
9928
4987
6564
6826
6629
209
6376
4230
3798
8825
6165
6811
7618
8411
9755
4210
4348
3768
2183
5464
7382
6373
8655
112
7766
2422
9403
3027
4530
1490
3162
3659
9805
7583
983
8057
697
4109
5206
1181
7077
3621
4377
7253
2248
3086
8271
5040
2617
1915
9494
3432
2957
9978
9811
6576
6867
883
5519
9189
5174
9506
9730
7645
283
6027
9675
950
6144
7338
5410
3073
7
3576
8267
4913
4287
3908
5722
8874
1371
198
4986
3010
1628
9529
7799
4008
1864
3377
643
8062
922
807
7763
3954
2734
6916
9599
6188
8995
6665
1809
6507
5848
9893
59
7153
5141
7418
3244
6086
2641
3814
3251
1947
1953
8911
2238
6946
8152
606
6532
8390
4384
4119
1017
7550
7229
932
2865
5041
6990
2987
13
8446
6671
3037
9886
8088
154
3773
1571
821
2385
4518
1841
4356
9896
7652
9919
4148
8980
5213
2586
4032
1469
9265
6359
8858
1162
7938
796
8793
5714
2394
2783
6425
1618
658
1624
8483
9181
3709
5042
7100
8896
1417
5969
930
7399
7493
9902
823
9479
9635
567
3973
2885
2104
583
2343
1185
2887
9743
2317
3268
3664
9005
3872
824
6190
1402
7895
1015
3408
9989
2925
6650
7378
1526
4602
8989
4526
2379
963
5301
3274
4310
7659
7974
645
3434
7967
6621
2178
6491
7348
1282
6722
801
9646
5899
7263
3660
5166
2624
1501
9898
5172
1450
9276
3614
6887
4392
6560
3969
4670
5528
5112
6402
5326
2383
7035
7963
1743
4915
7684
5633
8379
4650
2777
1144
2202
6793
8270
871
6460
4328
2477
6061
6239
4489
6742
9531
9278
7757
1060
7250
6735
348
7793
4581
6152
4350
4163
8883
1007
4869
4961
6791
266
9137
4457
6318
1304
6313
2298
1059
1582
6298
9057
7715
1227
2316
7968
6863
9713
9706
1584
557
8491
9060
3569
6627
1737
4021
1598
7569
5305
9359
3421
9219
9558
3601
5100
3562
1547
6302
7262
2780
8576
8661
696
662
5049
1938
7222
7329
4853
8868
2713
2371
2491
1733
6571
5057
601
6958
7226
7089
6040
8978
6819
3131
7350
833
9472
8367
6604
607
6631
8832
9719
3031
2259
6711
8442
9968
3282
1535
9258
2608
4918
5239
2084
3597
4809
2140
2232
5608
2045
2711
7622
1903
9241
859
7442
483
3747
4323
5058
2289
9386
1335
4661
8658
3519
7439
8120
1487
3801
8243
6048
1229
166
6100
4812
3898
4442
8902
5421
8241
6006
7364
66
6751
8633
1603
1308
9127
4086
7521
6381
2509
8759
8560
6045
1357
5689
7333
9063
4598
6515
9303
5244
1600
89
2623
6076
5905
2891
3916
3697
8196
2310
1124
4691
6344
1728
3065
148
8751
7508
9514
9496
4655
2602
538
8465
7713
1045
2574
152
1407
2054
2821
4292
273
5199
1474
2972
7714
4029
8289
1380
6363
397
9004
1467
9979
7995
3072
9777
556
9478
8792
1295
5324
934
464
6140
1523
8481
4718
5677
7016
5618
3315
7650
4821
9404
6371
9996
1083
5395
3832
3919
4927
7110
4428
74
8551
8018
6841
1073
8029
4217
5872
7951
9561
1669
2861
6215
9141
3895
7638
9052
2541
2880
4889
9502
6551
8105
6567
2347
8145
2119
6347
3360
5071
4626
2399
8109
4908
3868
5900
4693
8779
9036
7621
3720
5752
4882
3406
2118
9180
8025
632
572
1899
7349
6956
713
2490
5506
4429
5081
3264
4267
1372
53
5765
9963
8684
6186
9354
5989
975
5978
9957
7052
4151
9955
9390
5176
3236
6554
7081
3201
5091
2869
6211
9214
2680
2172
5209
3309
5735
1000
9516
8901
7612
3042
7264
9861
743
7561
9923
9124
286
9022
2123
7480
9922
9333
9956
3106
2081
1306
6261
1739
9627
8780
8496
3585
7121
7810
945
9213
4934
2048
7136
2271
9335
2815
618
8276
8248
2217
387
8312
2731
8020
8401
1673
7321
1500
3502
6399
448
852
3493
77
9142
1954
1248
5937
9766
6668
8677
2847
976
4994
8957
7576
6771
7653
9991
987
6691
7319
2564
123
6988
6728
774
894
9229
6892
9763
6935
1922
1324
6484
9206
7129
8618
4167
3667
9222
7709
35
252
5948
1657
5614
6345
143
7635
5291
830
7562
5264
809
5596
5659
8161
4877
9891
9575
103
7306
9400
8824
6029
1811
1878
2726
9539
4875
2007
1377
5399
3459
4810
3550
3644
7725
828
2189
6094
8458
3307
9844
5867
2756
5666
2543
1088
7212
3786
3937
8555
3083
3306
171
5824
4687
8227
4739
2095
4567
2882
2553
1008
1037
2449
8971
5220
8997
410
6181
5971
7335
1980
9774
5277
9081
6134
2916
4406
9275
1031
750
7419
1525
5085
5046
8352
1201
330
812
6903
2740
2782
3540
82
9209
3731
1767
5526
1667
1220
8371
6667
9041
984
1182
6150
4347
1074
5676
9999
3090
4929
8628
3988
9753
3034
5838
5175
6232
6704
2867
8250
2109
2480
2678
2168
6379
3986
7414
1887
2344
6309
6307
3064
1286
2262
1412
7558
1390
8504
6595
8772
674
2862
9172
6783
5593
1155
6868
33
2720
5446
2696
6544
4218
3450
2287
8424
79
468
8110
7803
8081
2064
6287
1071
7542
4473
2801
191
315
2082
5282
3287
3464
7460
4336
8146
8935
4911
7827
8958
9283
2219
7336
2965
7258
9197
1806
9437
8605
3324
4963
9457
7326
3396
4361
5460
3728
5710
856
5874
435
3512
5031
7564
246
6125
6431
7746
754
440
6324
6730
421
8189
9525
1594
8236
1736
4753
2959
2184
7158
4490
1676
6172
4117
5764
6803
3809
1354
422
295
7352
3169
4841
4738
2504
7623
1983
1291
8964
7890
3316
2367
3573
9017
9594
9579
2714
5158
9224
6299
1974
9450
3419
2971
2969
8861
6022
4161
4133
8623
1833
4071
4805
9697
4100
6346
7394
1269
7477
5294
1237
8435
4562
7644
7775
7992
2386
471
2944
5893
4776
1679
9800
4027
9426
6655
6157
2167
2427
1828
5738
9065
4659
3594
7700
8076
8264
6658
8403
6110
1398
3639
7807
8188
2962
3739
9009
239
9257
1214
3097
906
8163
1977
9080
6634
8233
8456
6688
4389
4138
4856
7130
5684
7471
725
2707
3139
7291
3955
767
9738
5889
2378
9459
1399
3844
7904
5569
2080
3418
4158
7286
6549
2871
5487
5261
9151
2728
6685
8549
8981
1196
7281
8943
2629
8489
6496
5988
211
2391
7379
1174
798
6052
9413
5947
4256
1466
3199
8297
326
5793
5705
6434
1049
2630
5459
2013
7168
3526
5530
7200
7213
5468
6301
9169
113
3663
140
4800
1428
919
7663
8040
7082
2917
7404
3938
7183
910
4165
7522
8863
2605
7606
8471
1405
1695
9749
1303
9926
8000
1950
354
6902
5653
2759
3206
718
4342
9436
1831
3541
2593
9637
5928
1666
3053
9552
7135
5522
3140
8586
4453
9732
3736
904
3138
5115
9174
5216
6802
455
1
7917
2173
7541
8936
1948
1898
7395
8774
4744
6752
651
600
576
6356
5532
5925
6581
9884
9062
8945
4276
8273
8851
6789
915
7677
5432
789
365
9674
5452
9803
3496
2606
4563
7429
2469
9574
5450
5225
4774
9350
736
8031
6522
8317
5201
2935
9093
1754
6513
1761
6226
9343
9967
2797
2179
4657
2121
8374
8648
982
6804
9369
6662
2590
277
5908
8676
3570
9367
9562
4767
4902
747
331
9451
3510
60
9828
8652
6175
4313
373
5891
1814
4463
9156
418
5390
5358
105
220
6352
5809
7001
8526
6921
561
1086
6787
9305
2092
5405
6986
3438
1863
7384
3725
4980
4320
6415
2594
7433
6911
2363
6085
2280
6660
5979
3279
5402
2727
597
8721
119
5034
8373
913
6127
2354
6845
7912
8808
4199
1920
9129
4298
7939
3552
3369
6895
998
392
2195
6915
2839
8311
7774
2131
305
5993
9786
270
6057
7356
4315
1641
7661
3087
9226
7872
1116
3566
5011
3437
6743
9355
6230
4404
5638
8459
1346
9666
6164
3662
9804
9277
2676
9727
8615
1504
624
1159
4835
3124
1999
8096
6718
5716
7627
8150
3521
6543
610
3331
9320
4803
1512
4852
1257
695
3177
9821
3489
6694
7693
4872
9035
6204
8688
2699
9900
7873
4625
9807
1211
1284
9995
3397
4236
3439
6199
7476
9726
5761
51
2350
5934
9907
1879
4947
2857
2393
650
4477
4386
9584
9104
5992
9572
2214
3837
2139
1250
3630
8323
2165
9598
9351
4919
1232
5108
5022
1404
6401
9874
5223
7205
8097
1426
2635
3758
5275
1987
4719
6331
6971
5746
3826
222
8904
8358
1415
5360
4438
9377
5870
5998
7523
2497
5703
9540
9028
5917
1353
224
1682
935
9182
2900
4098
8381
4585
6115
8281
5556
5783
9281
6043
5123
9225
378
729
8228
3924
5773
3435
1908
6128
7043
4050
5820
6281
6615
7516
746
1389
8831
8430
8406
536
6326
9724
6310
5293
6760
5445
7818
8337
3256
229
7950
9253
960
506
9982
9964
2585
5440
2145
3698
351
865
1759
6203
7075
6976
6889
249
1643
4599
3
9397
4684
3799
2561
1439
3405
81
9288
5200
5630
1414
7257
8466
1468
2334
2704
7780
8520
3760
4365
9916
7473
6959
8690
5770
9959
8134
3514
554
5474
6216
5315
7112
5958
8768
7673
8400
2712
2198
6899
4395
1025
1629
8816
7750
5074
7954
8600
840
1327
1583
3933
431
1341
6812
4951
8525
3006
1528
193
7584
1763
7217
8316
4861
7844
3859
4879
9425
4038
2320
7388
7999
9872
2083
5970
4303
1835
474
7580
6509
6992
509
2283
5428
1951
6679
6411
620
5427
985
1038
9431
1135
683
7083
7607
5307
8588
3665
6548
6527
2539
9981
9949
8410
6982
184
8325
5779
1318
9313
8087
6075
4035
6015
5831
745
4291
7214
16
5806
5927
8811
870
3693
4970
2611
9570
7383
7426
6063
2710
4024
7690
312
6023
799
4465
3334
2849
1200
6647
3384
7813
4341
6488
9526
7852
9860
8305
8169
2270
5287
1645
2993
9939
802
6026
2588
9590
6908
157
1574
6108
4989
6565
4881
4208
7945
6364
485
3198
3929
6636
2272
6091
5156
2898
8113
3172
4046
9327
2146
6472
8479
2732
4608
1839
3553
8705
4528
3658
8763
4825
3466
3764
376
7068
149
5901
9824
4459
4195
845
1166
6046
8
328
2226
7251
2806
3791
4901
415
5559
9586
6678
710
2614
7885
5219
9372
3806
4732
9371
1195
289
8905
9792
1197
3364
9473
2206
7000
1119
2203
4813
9326
1708
4535
5382
5949
7574
4507
7955
9640
6966
7401
6072
8548
793
6683
1550
2044
5302
6884
4134
1542
5552
3655
2698
8012
3952
6235
7486
4279
2176
6337
2439
298
6398
7767
213
5475
7544
3841
7424
2137
2307
5184
4665
8919
7057
1513
7358
9632
3891
3591
6600
7517
3246
9841
4559
1882
6143
6687
9847
1217
1151
9385
1494
8662
2933
7048
7489
5246
5861
1928
442
3295
8366
1937
5010
1010
9161
8240
2996
9290
5571
3756
5375
2057
4398
7694
3943
9191
3063
2803
1638
5191
9136
7613
7916
8336
8044
3372
9383
3685
9710
5863
808
758
2643
2264
7337
7301
7298
5490
1475
6327
9937
7413
4368
7078
7736
8392
7739
9556
409
1663
5039
4207
8059
4299
7651
2744
5951
9745
7187
3108
9195
803
4130
3389
4607
97
4367
9322
4501
6290
6593
7920
6944
4571
928
9681
9486
4111
9603
4417
5914
9771
9014
8689
7744
4408
5168
7438
6702
3340
2873
8085
7685
5566
4329
8261
4472
6719
2290
5972
6136
1203
3318
9263
7539
8139
9718
4560
9294
8452
1561
2884
5517
3589
8876
3939
5204
5137
3703
6828
1558
4547
8585
2817
5577
2030
3751
2776
3824
7408
9858
343
722
6192
1387
4737
3183
4663
2730
4984
764
3273
279
918
5198
470
6146
8653
3767
2690
2702
6781
4966
3266
9801
3060
3385
8034
6768
5484
1820
735
7545
426
4239
6817
2482
9927
6553
7779
3949
4380
9829
1773
8487
7151
9026
7181
5379
1184
9750
7451
2974
2389
3524
4228
3564
131
6616
8639
3376
9475
6848
3359
8665
9790
3321
9012
8396
3068
5319
4042
2502
1917
2150
686
8637
5610
2205
4220
6578
8528
293
991
4397
2063
4025
2557
405
6582
5602
6468
8700
9289
815
9011
2058
4522
4296
1653
7342
5436
7206
4630
3918
6303
4164
1845
8369
1434
3240
999
6163
1266
5340
4865
254
4295
1142
8929
1330
800
981
1080
4309
6353
7126
5384
4486
84
5627
52
8162
3869
9113
1732
1131
7132
2966
9157
6194
8341
333
8880
2076
1595
9332
8523
9589
5537
6912
6308
4304
8229
8934
5814
4511
7227
644
8436
1347
8478
552
9490
8149
4730
194
1572
3687
2723
9389
5976
593
303
6979
8508
9742
7472
5448
3845
7261
3596
9120
408
5523
324
5540
9720
4215
237
8028
2209
8726
9747
1470
3380
6478
637
3192
6652
115
7058
2349
5894
967
3755
4413
7302
9776
5795
1271
3260
1742
2278
7041
5417
8908
3587
3896
9471
1198
6914
3792
238
302
6384
9953
3551
760
7248
656
4431
2638
4357
5002
900
2967
5226
1440
4056
6260
6577
2251
4971
831
3296
1258
3308
9564
9039
1614
3682
8766
7855
6238
682
8541
4975
5975
2721
8086
6725
4334
5098
5524
5482
2231
7095
2531
5149
7173
3803
2435
8839
3901
7211
8735
9019
274
6906
4780
7249
9622
966
1225
4001
2009
6714
3013
4214
527
923
2785
1260
3290
787
463
1471
8265
7701
4534
339
1840
4058
1586
8280
2991
8970
4808
1226
9233
6130
1699
3058
7184
8556
1423
7156
8701
7983
9493
8051
9379
3867
8244
1085
4166
5333
158
2106
6418
2192
7856
9616
4722
4319
1348
9418
5757
9906
9621
3386
3529
6330
2908
2595
5303
3128
1910
2603
3982
825
5408
4907
5963
2004
8580
3029
9672
8118
8278
9254
2481
5794
8356
587
2234
2768
491
3453
2973
2284
5628
8089
5734
2395
3900
8749
5902
3951
5426
5641
566
4491
3356
93
9043
458
7139
1352
1480
1636
1455
3884
3000
3675
9075
874
5778
7674
1802
4241
8878
4374
5743
1655
2995
2390
5236
7469
8621
6479
1713
8725
9267
4600
8393
164
3641
68
278
8247
1048
8900
6438
5173
3223
8682
4211
6007
9074
5553
3105
7536
1692
7119
6361
7773
8414
6913
9513
3640
9887
4401
3277
8875
6114
6818
8879
9284
4799
6446
4011
357
4007
5903
4958
9793
5029
9954
8272
7120
1443
8080
2866
8108
5792
4880
6524
6844
1968
2431
3352
4990
9010
6073
6151
4175
7137
4755
6251
8950
9392
5422
7373
9458
2883
6370
5622
8071
5918
1176
5564
7317
2033
9072
4565
9868
4378
7003
3125
1911
1904
457
1265
9499
9765
2052
9569
9192
6862
4807
1907
6340
8092
6090
5013
6964
1111
3498
1765
7910
11
4294
1612
4595
6838
6193
6481
5105
3836
2559
2094
741
5142
9082
6184
3652
6300
2809
1070
1511
9100
7567
4545
8961
5542
1254
6626
134
4499
419
4371
6147
9204
9764
7817
1702
4847
4669
477
7537
1050
3856
690
8830
6502
3816
5840
5589
492
1316
447
3863
9349
4711
7102
3255
943
7026
7845
9826
3475
2625
3850
2775
7498
4045
4646
9960
388
2658
7065
7749
8443
3120
4568
7030
8723
9782
5397
3148
9721
6033
6084
5580
755
8008
5369
2542
6973
1745
7031
361
7172
2610
6856
5051
6457
5658
5157
1981
3927
4337
9228
4061
5179
4759
8882
6924
4346
5151
7482
8998
9869
3745
4078
5661
2440
8828
8258
2364
3484
9252
2911
2875
4400
896
1063
5984
242
678
5667
7165
6555
4006
1671
6236
813
8809
8394
1161
959
3819
2632
1581
3401
1170
1620
3107
5064
6649
8797
5859
3135
5202
940
3137
9628
8022
8408
4137
779
1178
3411
8994
8450
6249
4517
3567
4427
3424
3343
2049
9287
6605
5996
9068
3163
7675
9849
8030
6503
2830
9573
7488
128
2850
5279
1639
3085
1857
2921
1565
4631
7551
5822
5328
1808
5804
5181
8217
6189
3292
4225
1611
8216
8622
6031
3907
8702
6755
4912
3346
1555
2068
4396
2495
9122
5229
9638
7696
6314
3772
1437
4615
6901
3248
8220
9216
5136
7055
2804
4697
116
7676
2374
225
9448
7105
1030
2743
8730
7896
7098
2373
3366
6799
7485
9901
4200
9650
5043
9416
2953
3442
9006
2843
714
6329
7494
837
2639
1975
7620
14
8418
461
8467
73
7588
8798
7407
3757
7015
1964
3241
1850
8498
4170
4249
775
6014
1825
3381
7802
9876
2923
1036
1560
4448
8285
2697
484
7687
6617
1923
3235
5560
7838
2729
6360
490
7769
9292
7878
2754
7223
8720
2279
7819
7849
3997
3474
8673
8191
4726
6409
4894
8527
5062
9965
1705
573
4127
4387
5911
895
4764
5289
3239
8402
4410
256
1157
9602
3618
5696
5704
5685
4317
8361
8539
7495
990
8647
9665
8645
8079
2454
3486
9463
9003
8416
9545
9097
6638
5650
8151
732
2855
4840
1410
9145
5374
110
9115
4082
7935
7524
9050
9339
8836
3394
3785
5015
2429
7605
7940
1315
1529
8799
6173
7166
1156
724
6388
2161
9138
5281
3851
8569
1213
1374
7289
2014
3111
9325
3979
1552
4692
6505
6834
8952
6607
4850
9387
8380
9915
553
7688
863
4635
4610
9685
7023
6851
7837
733
546
1889
2946
6570
5007
6535
6546
9474
3144
2305
5723
1515
6512
1957
4715
4120
8331
6520
8996
6179
911
8696
3160
4112
1505
7636
5554
4867
6731
1868
4445
3472
9546
8597
2402
5797
4928
5018
565
3213
880
1578
1941
8192
3885
6907
3040
1771
890
4891
2346
313
6419
8659
8091
7858
180
7483
1824
5038
9814
3600
8944
1013
4587
2503
6242
6656
1778
7835
2240
8812
680
2268
2241
1562
6981
2257
9662
9406
7520
1152
5833
64
3628
2423
8898
6861
7164
6893
2508
2462
6639
9163
9487
1078
1551
7865
2949
5739
9102
9077
4822
3363
3780
290
4601
9414
957
6715
7966
4349
5502
9885
2297
9866
9453
7179
7936
2415
4155
8771
2796
9580
4558
2757
2961
2403
2684
3704
6382
1087
3788
5786
2
4103
2078
9609
6632
2824
8553
36
7712
3358
9701
8589
1660
4409
1843
2019
6119
7629
7272
5877
5260
2461
962
7888
723
350
1615
1193
5896
9577
5841
2897
8835
5688
9177
501
9456
786
240
4939
129
306
7512
3574
6897
3391
4742
8913
8791
2397
4129
1032
7479
9867
4514
7270
4723
9673
7568
4288
9903
5266
5126
7824
9518
1019
1637
1309
3171
1477
7059
5355
3035
5292
9235
1776
9808
3470
5456
8778
371
8007
6032
9852
3925
700
5892
3831
6304
5461
8013
5000
7174
7427
3945
2093
8610
8746
2230
4849
6406
6949
5164
8643
7666
921
5548
9331
5741
647
4954
8269
9152
7366
8333
9088
7201
8565
360
5751
4851
4689
358
2372
8249
7619
304
7467
9497
1130
776
7633
5692
8806
2534
9291
2578
7246
4212
5854
8894
366
1171
4502
1510
2155
7597
2892
3784
841
6869
4066
8967
5942
3875
8536
1646
1984
3535
7933
3003
2829
7061
2308
7487
6865
9488
8722
8210
1370
3534
9409
3602
1810
2295
4419
2293
5853
9438
4157
8137
3423
7259
3061
4135
9591
5311
8055
114
7911
9620
5290
9802
5017
7816
5297
3852
4664
6822
5758
691
9481
1557
8094
3156
5331
3603
2421
8090
6608
988
2532
5549
9607
6556
569
1969
6126
3889
6970
9918
9212
3722
9279
6020
1238
1436
4416
4633
9259
9795
2545
9342
5768
1493
8895
3774
8357
399
8329
9931
3528
2478
7805
9038
5695
8420
1793
5544
1411
4253
5837
2904
8186
1199
2558
5245
6620
3186
9613
1650
5101
1823
9042
5478
640
6753
9293
3426
3202
5329
8507
866
6761
9592
118
3028
1729
5803
1844
449
1905
6095
1971
9364
3808
4933
3509
1097
3619
6285
2750
1521
4478
2739
5913
2607
8841
8979
8718
5736
3632
7320
6518
402
8475
3291
8350
6058
2902
6088
3855
5127
334
3038
7351
5424
2591
2011
2774
9405
6081
1633
2637
4886
3538
8736
1115
9952
7686
3897
8745
1393
296
7788
3995
3580
8819
3043
3506
5089
7526
9654
6435
5912
6080
8925
3846
8128
8171
3890
6322
9423
9296
2152
8827
7189
3402
3805
2273
6762
434
3114
6972
8417
5774
4450
301
3830
4284
2540
497
1497
5529
655
1052
9818
5462
5531
875
4556
4846
7634
55
995
9758
280
9998
6059
5254
9384
500
109
8743
6750
3036
5816
3864
4411
5467
1609
8462
4229
844
6254
1885
6770
719
7900
8540
2194
5541
6396
2691
1640
345
4352
1486
2919
5110
6055
379
7152
7412
8767
23
6245
46
2979
2204
2053
8124
3494
8986
6954
7465
5640
5583
7454
6951
2012
7704
3245
359
3956
9071
7860
9905
3165
8535
3388
9704
756
4727
3557
8307
4555
2579
9986
7309
6792
7901
7724
590
2433
2366
7049
6625
1215
8976
3752
460
8370
677
381
8815
4022
9623
7958
9301
3219
436
2719
7593
4358
7513
8999
5880
8262
9962
4498
3449
8375
726
8480
7509
7723
9848
3022
1608
8750
111
1350
6829
4916
7194
4828
7698
8575
712
8869
946
3571
2456
9980
9247
4340
3771
9430
329
8579
6726
2741
9202
5253
2894
6038
5361
1420
5777
7290
5518
7294
8706
2844
2833
9984
9131
8199
4863
3748
8206
9522
5285
4232
50
8777
673
2133
4998
1400
2175
7193
912
9134
3157
364
20
9118
2434
9678
9344
5080
6580
5318
4678
5309
2555
4627
5203
5403
763
2362
3490
316
2062
9912
1747
6117
8942
9932
7114
2419
4516
5605
730
5923
3996
5269
577
2669
1231
1432
3145
5072
1921
3416
5095
9070
3301
6154
7341
2597
9825
3522
7305
5372
1190
1800
6677
1163
7060
7790
5444
2166
139
7840
6034
7434
1507
664
2036
9271
5665
9794
9911
1701
3807
8138
1101
8698
4569
8019
9199
9338
106
6278
7145
979
1564
32
1219
8016
5936
7591
1527
1940
7948
8563
6746
9974
8084
6878
2120
3726
1270
151
3226
1064
8306
525
1492
4906
8572
8293
5762
2088
6271
7798
2520
7027
6832
2074
8955
6
2085
4435
7386
5109
1262
6723
6485
3066
7913
7492
7269
5106
7481
7299
4748
6724
2300
6273
4031
8990
8587
3462
672
5140
7118
1556
7347
5717
8703
7169
4394
5370
6256
6288
467
7311
9551
9728
9652
9737
8821
558
5864
5153
8853
521
3761
5079
7111
3555
9132
2309
8519
2409
9051
9446
6805
6451
2825
5185
309
5836
3044
2912
4028
5165
4648
2356
8260
3193
389
2571
493
617
319
2299
794
9049
2024
7504
9428
9651
8004
1406
670
9067
1991
5463
7279
9547
1760
6066
7430
7381
1134
7741
4430
2832
6077
2448
5924
6710
6559
7190
6338
5194
7244
4183
26
1332
1364
782
3724
3218
6283
8627
9482
6008
3985
4935
1138
7548
6487
9337
9394
1696
2015
9273
9970
8212
1900
424
5268
6453
40
2813
5929
6985
9380
4703
98
2100
2556
9114
3118
2303
8606
1055
2101
9563
3395
9740
4097
3858
3926
8805
3946
4817
8566
1568
4160
7719
738
83
839
4481
2600
446
4629
4504
2573
834
2672
4355
3717
5135
3829
6475
9683
8301
8209
7420
7042
1668
5044
34
1517
221
247
7949
6227
752
7991
9772
3374
2318
8885
475
3269
8877
4619
6037
2358
162
5691
5212
8657
8132
8667
759
5907
6289
4736
2055
1752
5876
4792
5693
9759
2983
6541
9731
2382
8485
4770
9345
2444
1559
2831
5724
443
8499
1362
769
6116
6796
6779
8116
3119
8176
3948
7283
9117
7308
7892
6734
5300
1496
1956
4622
4223
6490
5032
4415
2920
578
4773
6270
5615
7961
4083
4724
4187
9455
4857
7275
2790
4550
3981
7765
2148
2716
3056
9769
6097
2788
1255
6449
7313
8219
814
4124
7096
6920
9013
3904
3783
6538
7889
390
9262
8916
978
2470
300
7380
3934
4672
8425
8384
6079
1253
6160
4638
4436
2694
3174
4423
9234
3723
4088
3631
8363
8554
445
9958
5851
2976
3082
4364
4040
9427
2328
8744
5251
6137
3074
7176
5604
2647
7207
1331
2311
2136
5712
4830
4943
7809
5349
9505
3004
4192
5926
2321
8476
1192
5396
9559
2527
8143
3902
7987
2313
2569
1805
2023
4525
7400
2314
3217
1591
4194
126
4262
412
8521
7141
6464
9310
4234
615
8277
8215
8727
8729
5116
9585
6561
8063
9295
3371
817
8376
8488
8860
9819
9370
7897
7733
5208
8923
1375
4091
9444
5973
102
9596
2097
372
10000
3465
2631
4890
4673
3561
1233
4090
6706
4777
4775
2428
4390
4104
2132
806
9629
887
1758
1165
1360
2689
7354
2452
5117
8514
953
10
6800
4388
5249
3275
3775
200
2980
8823
7260
8193
2772
4405
8047
3445
7575
3610
5489
9261
7004
8813
5090
5512
8074
5721
2748
1108
8126
2412
3646
3666
1039
2761
2244
6798
7956
5510
9242
3045
8513
2075
9972
7670
4533
456
6408
8049
3300
1770
2836
227
7778
8687
5323
6824
623
6849
4977
214
1340
76
5381
3525
5027
4265
6885
322
7237
5420
6933
9987
4521
4794
4945
7117
3874
7230
2705
5656
9846
1704
5020
4671
7436
4259
1563
7195
948
1133
5586
3050
1855
9434
2396
4023
6197
7051
7063
3598
8906
6011
4621
3931
9336
7717
8708
3686
5673
1674
2043
1967
4752
7007
5555
9116
2764
2717
522
3790
4345
5672
1648
1829
1762
2065
6106
9648
9223
9934
4293
7196
7113
3893
6111
9328
3285
5404
5383
4508
6609
9696
6506
6378
2673
1379
4720
5163
6523
850
629
7369
1459
1610
5195
3754
2174
3234
7510
5003
2460
8201
3990
2113
5839
9757
6325
3322
3727
6705
7929
901
4654
598
8670
4548
4651
4566
6769
2112
7648
9476
3355
8451
8409
3166
4443
4721
9498
8650
8328
8699
4871
3361
8859
48
2524
8680
3707
4636
7941
8275
516
5327
2692
6470
8279
8490
2819
4757
7018
4544
4823
6852
8026
8157
8009
1079
7764
9583
4931
6782
9656
3516
2618
5802
805
9260
7234
1930
1146
1518
3838
6666
3504
175
7332
7331
3314
2522
1095
5138
608
4658
9266
2877
4815
6588
4643
9346
4087
2483
8419
4495
9532
1424
3067
8449
4959
5830
1319
9412
1697
6214
3513
4128
6448
5671
6693
9363
7573
2914
653
3608
4731
861
6311
3051
3336
6385
5886
2842
2613
5088
1766
4816
444
4353
1276
3151
7295
2365
6807
1832
4227
2331
8166
3370
7683
135
6252
8596
3744
6727
6068
8795
526
7500
659
1670
3476
1072
1287
6225
9324
1943
8313
3683
6139
6871
4009
7155
145
2160
5635
3930
6516
2458
9511
6716
6537
4162
8455
6836
1949
5507
6905
6407
6963
2256
2853
8412
7975
4549
183
7695
2834
3649
2950
9883
868
8477
7976
5582
3298
3473
9647
5654
3712
4233
5879
4089
6910
3373
9323
6315
4359
4876
6975
6937
7282
4070
4156
1281
5409
3623
2807
791
7497
3940
854
8649
49
5674
6494
1540
181
3781
4273
8938
117
5750
3637
1710
159
8061
9162
1463
3011
95
8226
5454
7654
7116
4064
5910
7851
6206
3233
7461
6454
9679
7660
6432
1290
4332
6262
5304
3178
5599
3965
5496
7555
7906
9692
2375
9188
3297
4829
4209
3959
9510
3913
1524
3616
7899
6708
1145
6070
8640
3164
4768
7247
7101
8298
5678
5133
2657
9106
5493
6495
9705
4005
3627
6074
8941
9544
7893
784
2225
3849
3286
6071
7463
8752
524
7925
9330
7437
2108
3766
1880
878
2583
5443
2008
1751
541
6984
5807
4940
3092
4407
4372
6219
2841
3678
9489
1853
6839
9454
9588
5139
9690
4360
5122
8345
2255
3827
9249
5536
1210
2302
3558
9123
4105
1361
5719
4370
2999
7577
189
9031
2587
8591
282
4862
6483
179
9246
9250
961
4981
4
6934
2162
5623
1385
6212
889
4942
6932
551
7768
4185
7215
5868
1895
2930
7515
6266
8614
9185
4318
1593
1447
5711
1720
7594
2596
2457
3320
879
8590
8822
8534
4838
5611
5472
8135
7602
4245
2566
1935
1881
5740
4583
2200
9768
7221
3861
8683
3914
5767
9447
9877
1530
5077
5273
7532
5471
4796
1416
5288
2070
642
3267
8603
3185
8391
3548
5766
2261
7265
972
777
4613
6467
8599
9702
4079
8850
3348
1006
9892
3642
8274
6816
1164
1661
6980
4826
9461
5211
4418
8404
5849
4510
8594
2340
7795
9862
4153
3746
631
9034
1711
1121
3126
147
2138
3357
3447
1775
4699
4421
4174
6142
4456
6659
8922
9500
8003
7040
4201
5726
380
2067
4644
9365
8884
6943
4716
9053
7998
5957
5775
6864
5888
9091
2487
2968
2511
5143
7702
6305
9220
1205
641
7919
8671
7328
9024
7124
6821
7617
3415
6738
2250
2652
6003
8559
1194
3860
4190
7789
6784
5407
3793
7942
7752
1482
8784
639
9653
5835
7268
4948
8714
5
9924
8464
8353
9334
3674
9815
7957
3367
5753
5477
7050
7639
708
9752
62
3942
5177
7570
308
3150
4281
1554
7432
6999
1394
8992
9467
5686
1607
4426
6450
6732
4804
2665
4306
4652
4065
4049
6005
6967
7103
535
9857
6386
2269
6102
8237
9140
580
8460
1005
90
2332
891
4616
9306
5575
6391
6947
75
1506
6978
1279
5182
8398
1278
505
1481
7210
7722
5497
6941
127
3393
2180
8440
7553
3237
321
4458
8775
4314
108
8966
926
4139
6696
8993
7847
67
294
4094
8245
3110
1913
5439
1531
1020
4778
9203
4668
1936
7884
5170
2485
4614
7186
3508
4620
6120
3710
7146
5059
1847
2031
5800
2907
8547
9830
3499
3588
5339
9398
8010
550
4645
6332
9943
2770
7490
2488
7540
3613
9509
9693
7578
1860
1180
6870
1566
2401
9548
2079
138
2159
2795
5030
3077
3191
176
71
2246
142
1934
8302
2735
7625
5483
3802
6855
3743
368
5890
2787
2860
1683
2339
5065
275
9361
3779
4897
1599
1532
7296
7664
3390
5295
7823
9736
5196
268
4783
4754
2357
7256
5334
6222
1438
8115
2210
7708
7556
3289
3326
872
2636
8148
5218
2405
2798
5682
6827
9933
104
430
3080
22
5663
7859
8710
888
4072
7728
4420
968
5222
6374
7854
1117
1075
973
3733
5982
843
6383
1028
4743
7745
1976
9286
7462
4186
1376
8897
6547
2464
7405
8070
3412
9711
2445
5987
537
5505
1349
8529
1051
5392
6392
7871
4983
4391
8783
7468
6019
6539
7530
7934
9606
8378
4278
3463
5357
1812
6233
3711
3811
5616
9582
7754
6442
1989
5933
8731
9194
9143
1002
2763
6630
2938
9016
6286
2562
5238
4015
612
3708
4159
3543
7006
4698
8377
4992
3383
5120
5286
4483
7692
9739
65
4866
1816
9680
4146
6294
7681
25
7339
6611
2142
3104
3071
61
5922
7927
547
8011
5415
9135
2644
1454
6737
4944
6602
2164
4675
2519
2242
2791
2156
6842
1792
2563
2576
4044
9870
7243
465
9312
9661
336
2342
6429
4930
4710
6221
6447
6030
8903
1749
8926
2191
38
6277
4955
9541
2956
3436
8642
1397
7815
3873
7375
6129
7898
8439
1874
8616
8050
8910
8737
7930
4537
8235
3054
5991
420
6339
4914
9066
1789
8141
3091
1836
1684
4062
2982
8015
5509
9232
4957
7475
167
3922
4026
3635
8251
3076
2939
711
4789
4322
6413
1698
9105
2738
3109
6686
9837
6928
7322
7154
6466
8014
2110
7518
7085
7914
5388
7616
91
2523
5008
9054
8322
9806
7021
6001
5785
9611
1822
5782
6886
8516
9936
4184
675
2934
3607
4188
1273
7730
5316
8704
2028
6366
2746
9625
7703
8522
1294
3688
1033
529
9823
1712
7361
4030
9557
6525
1973
7064
2089
1261
177
2207
832
3705
3293
3093
383
9086
3354
3575
5931
1041
4695
1744
2546
5535
3196
2060
8077
8741
3629
234
6255
6692
9942
236
5850
5832
4577
1451
5145
931
5457
6228
5609
8232
1689
1546
7908
2322
498
5492
5298
2722
6275
9484
5747
1764
9608
459
1785
5005
1569
2512
1787
5479
5865
5906
4254
9688
3669
4546
342
3762
609
3249
6208
1084
8931
6774
2926
3842
4152
125
4589
2517
1901
8423
1274
947
6883
2047
4892
5227
5442
2890
4712
8342
669
7538
9533
6412
4180
5400
4647
3518
6900
9669
3533
4637
250
7134
4895
8340
344
72
3456
182
9155
451
876
6362
9618
5617
3302
7150
6830
101
9184
5737
5258
685
9422
7431
2275
3583
2981
3152
7148
2805
6983
5132
7005
8983
3769
4444
6083
3590
2213
7582
7642
6258
4538
4266
9001
8814
1396
1107
5855
7505
6860
8257
1337
15
8917
2035
8058
6480
4073
5869
8214
8326
9677
2686
8544
5144
2228
7160
748
4475
1392
666
9990
1090
4055
860
2211
1585
2679
5701
8757
6017
2863
1549
5159
7611
2446
1757
3905
4885
592
942
9178
1672
21
7734
4068
5664
8495
9567
5675
4979
7300
4270
3079
3078
3347
310
9208
1098
3179
4506
2645
5107
2703
473
3190
5573
1520
5063
7669
7144
6217
4382
2666
5980
9787
2906
9863
1058
3992
5197
4108
8198
6891
7915
1042
8158
2823
8179
2810
1403
707
45
8817
1570
9840
8295
5945
8127
3865
8602
1422
7832
2621
5946
5313
1123
5255
9600
7310
9734
2975
4290
9207
4425
7288
4925
867
3049
8290
6250
3958
6284
7776
7781
6534
8075
502
5652
993
6877
1066
3547
3560
5643
8117
9761
5788
1334
413
3428
1167
4833
1862
9469
1686
7571
929
8505
1685
6141
7907
5921
5715
8304
8463
2845
1790
3899
6276
2296
9913
4125
4243
7140
9643
6530
2398
780
7444
1478
3070
5423
6047
9576
6069
3168
3030
4937
9408
7869
4926
5431
3812
6414
8348
1634
9542
7527
533
7716
1292
2619
7367
2989
8872
7969
1544
107
7197
5819
1212
6044
4041
4996
668
2615
1871
8284
9318
5187
9633
1774
1312
9464
8888
3593
201
6387
1168
3471
8482
8131
1721
6320
2724
4859
8713
1285
773
7731
285
2235
5796
1797
4653
4985
6035
5469
3141
9512
582
4351
8691
4081
7390
86
3645
8195
2677
9101
8692
6749
8573
9708
6521
519
369
3549
3713
8204
3335
7932
3215
9388
2384
5944
1804
507
5252
6597
5247
7977
3121
3032
5054
2835
5073
1982
996
9521
1452
9595
3734
5429
703
462
3638
8153
6695
8164
6701
9125
1848
4503
4628
1106
1263
9218
3732
9624
3977
6568
404
1652
8533
8512
5356
6613
937
7074
3520
4255
2895
7218
6167
3368
8133
9865
2046
2627
8194
1239
416
2267
5060
6925
8675
2484
7519
8679
8571
5585
4584
9329
7357
8561
9393
7960
4543
826
2042
7252
7944
9894
4532
9
9176
6720
1884
3400
4311
8407
5148
5883
9875
5581
9908
7161
8147
6643
8177
1460
5961
3123
2990
9111
4766
3329
7547
5525
7224
1218
9895
8886
9112
7554
4642
438
5466
5092
1772
517
3636
428
2802
4969
4527
3984
7743
6200
6610
3763
6291
8918
1299
1054
5094
9429
7203
1830
720
8962
6786
5193
938
2337
4868
9929
8461
969
679
1929
8804
4786
6995
9864
5904
9709
4564
7804
6930
4909
2577
5871
3753
8991
8224
5035
2430
8103
1082
7036
7284
6637
3796
3399
5960
8041
78
1462
6153
7368
8429
4596
5690
4302
2154
2376
6050
9581
1854
2315
9703
272
8123
4260
4593
4831
3100
7182
1296
4536
2157
9269
6926
4676
3617
7360
9605
3020
2660
744
1043
1429
4709
765
3440
3615
3057
7672
512
2338
2453
7980
1113
8205
2525
4785
9712
2616
8788
69
41
6778
693
4145
8584
1537
7726
908
6087
1842
9149
3881
9655
7747
3155
5465
4843
3605
8448
4707
1247
7106
9255
3609
7761
5669
1992
6847
9047
7814
9187
8023
9095
9601
8104
4132
2196
7450
604
989
9645
7978
7720
8282
4974
6603
8543
1819
7841
5416
4039
4285
7370
7054
9417
2701
5056
5348
2005
8454
7318
822
1325
1918
9248
7812
1381
9445
2992
4131
232
3974
5516
5447
1209
9217
6156
3443
7028
3797
9780
6612
1473
1100
3025
5744
9813
2649
4899
6773
8437
7087
4700
5055
6823
4325
4597
5977
2135
5033
9480
4590
9851
3069
3972
9147
299
965
3167
8570
7072
4331
1489
3444
6400
5047
2681
560
3634
4858
7017
7011
205
6025
6599
568
9302
2947
1089
3338
6259
2575
6459
9554
1445
2489
1305
3671
5772
2336
1127
7800
6348
4888
6765
5217
3113
9946
7679
7198
4760
6653
5613
3281
9520
663
4147
8937
4572
2688
8754
4048
8122
8865
7402
2025
136
8100
4424
1425
9843
2646
6365
3882
5729
5259
8129
8870
1368
2760
1649
9352
2565
9007
9166
9944
4439
8068
1502
6614
8178
5857
9966
3005
281
1817
9565
206
3431
6036
2253
4690
5128
1715
8234
4036
8844
9415
2417
3477
2922
1691
5494
7928
6583
9311
3989
5214
3243
3008
6776
42
8852
544
6054
5885
6229
4995
3305
2742
3536
2266
6060
1328
1963
8035
4327
4576
2905
6101
4606
9971
8346
3117
5730
5308
8924
4765
4967
9139
4324
8066
137
9076
3252
3825
3046
4191
4896
9107
5306
6390
6528
5852
8445
6209
8568
2604
2505
469
8308
5787
3823
7392
885
4052
5935
8686
2411
9676
613
1067
2096
5842
9148
5221
838
1204
168
4248
1734
5345
7406
2359
6132
5733
2126
2945
4363
54
6672
3840
7514
4136
2369
7416
9634
1575
4905
1834
8474
3460
8351
8518
5636
4781
5817
1627
4446
5154
265
1897
5590
6012
124
4171
7415
5068
3690
9046
1994
8975
3159
5162
7080
7255
8810
6427
7628
5845
9716
207
7091
2808
8867
9442
6306
7861
660
70
7457
3563
4468
3804
4414
8268
1096
7025
8140
1988
8130
4202
7883
6875
2528
8046
3677
1723
9110
8564
8651
7909
9834
4305
3848
634
1077
3833
7254
5053
9587
2655
6456
7786
7820
5898
7093
5789
3270
8619
7982
9945
7316
259
2474
8666
2955
8889
2370
4864
4275
2601
2929
3433
7452
6501
5749
7456
4466
2752
8368
954
1264
7470
3828
3880
1388
8510
2931
5189
8073
258
2387
1883
2793
8940
231
971
1483
7012
1310
2828
8364
1373
5284
2837
781
1888
8344
7777
1391
1658
4769
751
6149
8288
4758
4375
7826
835
3257
6872
7092
2685
2026
5097
4492
3531
8472
6312
7466
1680
8954
5368
6809
9239
1580
4257
1139
3870
9366
5550
927
571
8242
2584
2329
6103
8974
4542
3759
9315
7603
2628
8681
6218
2683
3446
8252
8843
1207
7959
2530
210
8433
6813
4797
3539
4034
1329
6342
3098
4308
4681
3503
9889
9798
6465
257
3103
3911
5587
9256
4169
5230
5131
3319
1780
5670
8175
8144
4474
8444
1298
6713
480
9465
846
3492
6785
4811
1069
7034
228
3953
6433
7921
8663
7599
3643
1427
2098
8550
8567
5069
5235
667
4605
1081
6810
1606
2021
3559
3651
4054
1342
2134
2252
4077
6168
4941
7067
6922
689
5093
8327
570
1441
4623
7372
4057
6500
4333
7784
57
1827
1092
9871
8136
7115
3653
8318
3912
5076
1730
9784
6529
4814
3668
287
5606
1838
1202
6426
9196
4519
8634
5994
3507
4740
5919
2650
8065
8635
8335
8755
5601
5955
486
6858
3787
1351
4976
3154
8470
7511
5078
7782
3700
574
6504
2216
335
5084
3407
3818
8043
6698
7984
2952
3187
7397
382
3579
5508
6440
363
8739
2040
3204
4238
3468
1642
9307
3556
3620
6265
7175
7721
5354
925
3604
5588
6224
5668
7842
9534
7280
1118
6585
1865
7965
5359
384
8202
1449
3313
2459
8230
2451
6158
6196
2986
6248
1621
3932
5299
311
1230
5310
4795
8099
9791
5075
2450
6358
2620
3871
1573
1567
6661
5718
4014
3362
6511
5178
5500
2970
1781
2071
5330
9435
2940
8387
1796
7346
6853
2984
7039
1939
2151
3276
892
8881
7334
8644
742
7882
7586
994
9083
8776
8678
709
1651
9297
8263
3102
2667
9969
513
6572
4488
5386
6775
4283
3081
9179
3515
2239
3216
7534
6993
5592
1367
4844
621
261
9668
6747
4618
6257
4782
169
1004
18
3876
7758
92
4632
8890
5649
684
2822
3146
7646
8431
2755
6293
6756
3694
8921
1446
5780
790
737
3776
8988
7870
8121
728
2781
917
2799
4140
3987
9221
2117
1094
5458
1656
7423
2291
9160
6492
2671
7239
4667
2090
9985
2163
7312
5811
6473
2662
4611
4801
2190
2051
1622
3847
7393
1735
2598
8826
9555
7689
4484
7762
5296
3351
9948
5660
2039
6566
8837
9756
2651
9853
9048
5620
4705
9096
5021
4554
5634
1461
327
4552
3481
9000
5272
7421
9462
5455
5813
5451
264
3014
3696
2292
3007
2582
7971
8578
2294
539
7903
9785
5629
7363
7219
8630
5320
6089
4383
9237
3941
4189
8291
4020
4836
7756
4393
9610
5755
453
338
1242
1619
1114
4204
4242
4059
3480
2222
2127
5534
6833
1893
2447
9842
478
7353
2653
5016
9094
3657
325
5771
6740
3542
3565
1750
4965
4402
482
7209
8796
1659
6205
9374
5699
3483
9399
2888
2263
4095
1706
1241
914
9069
8947
8545
6712
5082
2536
4540
4122
2572
9741
9961
4114
9186
3059
8287
9707
1681
4579
2648
6764
9190
6016
9859
2236
4523
8909
4586
2105
3023
8509
6351
1187
1891
7410
8372
8977
1933
8427
6623
4762
4366
3299
6574
437
8203
6296
3633
1143
9850
7943
1102
6118
1601
9410
4075
8112
2017
5808
5498
8389
5205
203
7947
3392
3088
2751
8617
1302
8965
2767
370
997
2718
3957
6319
8119
5242
528
5495
2416
5626
4575
7391
6837
5520
8632
284
4178
7403
1160
6445
6876
9855
9799
5558
6053
5248
5028
6606
9321
7546
44
9089
9308
3182
1065
1909
4779
5265
3379
8866
2143
6697
1877
7084
6857
8156
4268
1057
2406
1401
4074
2171
3096
7014
2554
8857
8613
8871
6268
6267
7447
9130
1323
1169
2124
5698
4172
8500
2642
1509
2581
353
9419
762
6989
7836
3454
3283
2185
5113
7610
2352
2818
3491
9684
9353
5430
3676
2006
4101
5070
8733
7697
7131
6131
1062
1952
2521
7107
8892
8032
1631
8933
174
2879
6207
3228
3461
6349
1508
4144
7732
6124
6024
7655
9779
2580
8709
847
7598
594
8173
2169
549
4553
7792
5950
2144
5262
603
6689
5646
5829
530
3039
276
6423
8266
8106
356
3212
8441
2778
4561
150
3742
1179
3961
2001
7850
4264
5595
5270
1803
3612
9040
8747
9778
4531
7330
7678
1924
2115
3699
2682
4060
9018
9694
8593
6107
2038
5607
9347
1858
6977
7579
9642
9993
5709
939
3970
255
8315
4706
2886
3250
8502
8457
8197
5378
1256
9158
3947
5134
8053
7047
3410
2407
8002
4462
3094
1590
952
3883
4316
4051
688
5790
8238
2745
7045
218
8468
8764
3229
5322
4741
3016
5418
245
9796
1208
2041
2087
6674
2514
6619
6936
7304
9211
3749
9274
6499
6121
9835
161
2500
1815
8517
1714
6754
9309
1320
7614
3176
9935
3716
3894
2792
4682
4221
1009
6777
8641
3365
6940
7204
5624
3019
6573
5036
7557
9173
9549
1707
6321
2199
1996
5521
9282
7918
3966
2215
160
4887
1709
8511
3375
9341
2319
2827
2020
8985
5546
5939
3258
1026
5353
6508
778
4141
9466
6458
7180
8383
5727
4240
564
7109
8801
6155
7529
4037
7385
7791
4093
5547
5965
2924
1091
3134
5760
4962
3817
8893
8803
5725
9029
6355
3469
7926
362
7886
1931
7668
9604
1047
5480
6455
1149
6394
4751
155
555
30
7866
924
9079
2306
8039
2954
5371
3820
2709
1384
1027
589
297
7273
9108
5572
2706
2609
9827
842
8382
1826
8060
2779
9809
4932
130
411
5591
1716
2901
8887
2312
8728
3254
4198
5250
5393
6624
6498
6843
1011
8155
1252
2425
1177
2438
851
9878
7589
352
8005
797
5887
3024
6493
2066
9988
8397
3501
6644
3170
974
9508
1369
5637
4819
4524
1942
1172
9812
4344
429
1125
2506
7801
6831
6161
8254
7680
8473
2465
9975
212
2654
4679
7740
7868
9468
6736
2948
2547
4244
8180
8856
6395
9064
9973
5192
7371
2526
2443
2518
1784
8111
7171
6927
4142
7345
3311
898
1755
8037
3679
5025
4580
687
9822
5256
9056
2392
2158
3910
7887
3879
9078
4433
6840
4641
6272
3917
4973
907
886
6377
4012
9528
5680
8629
3592
2418
2693
9167
6957
699
156
8184
7409
2037
1740
2345
6274
5473
4482
4570
395
9670
6476
3887
7044
903
9773
7543
4018
9407
7867
3075
8787
6109
2674
1136
8190
9754
6622
8609
4432
4113
4756
3680
9873
523
8582
7706
5325
3189
3568
9543
6663
9285
3231
3467
4592
235
2479
6213
705
6918
9319
6733
8172
4043
43
2589
9566
318
5639
3511
2471
1700
1378
2794
1872
6929
4639
2789
7637
320
563
3544
6234
9992
1012
9215
6477
9098
2223
7846
4321
6673
638
6562
7608
9816
2640
8646
869
7905
2498
3353
4924
1630
6452
5183
4793
3398
8048
9783
5267
8231
1961
6766
253
406
1886
3920
2663
8668
7088
6758
7277
6866
5171
8185
6404
5930
8712
1623
694
3626
6065
8899
4247
4848
9103
7839
3142
4330
3611
1408
2499
7108
8800
9810
704
5150
3417
4910
6013
1206
4206
1993
479
2486
6820
4197
472
401
9171
6948
489
3232
2896
5435
5579
515
5087
8930
3921
7506
9626
6246
1703
2942
4369
5365
9517
7365
721
1738
5263
396
1189
630
7314
4680
2265
8845
2771
5476
4454
6099
1577
2537
8770
3021
5398
7662
9686
5232
8067
7245
1289
2715
4749
9854
6628
980
8601
9788
5687
6987
788
702
4497
7604
8503
3582
4898
7830
5702
7876
2978
5243
5391
3810
398
6965
7159
4512
2997
6873
7825
8781
1457
8674
6592
2592
5224
172
9725
6994
5818
7656
2010
377
7149
4656
8218
6187
400
2410
1959
8790
6790
9395
2114
7138
1522
1876
2197
753
8807
2846
9376
4802
4047
3317
1912
9940
4883
4003
761
8914
146
7448
7994
2003
4950
454
2864
3976
1894
3430
1249
5815
3670
7821
3143
4515
8072
6093
1616
3242
4806
855
3719
2227
100
3414
7292
2928
8611
1731
3878
6335
7216
9087
588
3158
1896
3153
4297
511
9460
8428
8225
6801
1141
5283
4177
9537
1112
3523
1990
4271
7787
9061
6056
1150
5338
9519
4452
7986
6336
951
4440
4733
810
5619
8608
1719
223
6584
504
5048
6998
5501
8685
3261
2056
2274
4362
681
3330
5834
9733
7596
6531
1722
6282
5169
8732
3815
2029
5999
5364
6159
9920
3303
5387
649
5938
7220
9245
2893
5240
8968
9744
1313
1914
7881
499
8598
9550
6341
1635
4612
508
8213
7241
5180
7649
5962
1579
4496
1687
3843
4870
1259
2301
857
9578
1613
3998
6709
2218
3089
5332
6178
6028
8849
3994
6808
5754
9314
226
5866
260
1484
9831
1503
3578
2560
9021
8330
6421
8101
7796
6633
2633
9002
5411
1997
1235
5621
8042
3978
5485
2549
4839
5024
9631
3018
341
1970
9671
9432
9485
7208
5004
495
8531
7287
1986
605
4903
2381
3337
4033
7238
6430
8864
2353
7070
1223
8296
7267
4818
8107
6489
6082
5412
7443
2507
5129
8738
4747
2859
1617
4471
6590
8840
5103
5125
8912
6461
2762
9941
6651
6923
314
783
8497
7293
6096
4449
717
7020
4493
5940
5847
5964
2473
716
6739
9983
2149
3980
4272
4269
4121
6700
2927
2913
1837
8415
3740
4790
7127
6558
2747
3487
5499
4461
5321
9443
5856
5419
1602
4150
6596
5720
5563
7531
8052
6444
202
1539
37
3280
4379
1355
9109
9128
4964
7727
4085
5570
6113
3210
1798
4686
905
3794
6788
4824
5769
7143
2212
1110
8742
1662
2125
1866
8365
3795
532
1275
9538
332
1869
349
8789
8321
9119
6814
2856
1104
3017
5152
795
8339
196
8939
9921
6039
7718
3706
4771
1288
6231
7355
884
6471
5781
9401
7560
8915
1726
5102
1966
141
1343
6133
99
9159
3813
6598
3782
5568
1014
1322
375
6675
8167
4920
2496
271
2077
8421
8734
625
5679
3656
8038
4289
2388
6835
7533
622
5414
7133
1183
2494
9244
9058
1859
3572
6183
8785
7549
1495
3132
4968
5389
3584
1321
4982
1801
4385
4717
2187
8405
8385
7993
7192
439
4729
1317
3789
1301
441
8355
1311
9536
6463
8159
3342
8794
4609
6422
3129
5434
9947
5147
1021
7090
5527
7123
2725
9008
5504
5413
5438
3991
3451
2147
6767
6210
4834
1856
4539
2493
3452
7565
7032
1690
4949
5858
882
5538
2878
8114
7453
5006
6552
5745
3999
8907
1365
6393
3458
6904
7099
5161
936
5827
6594
6067
4412
591
1068
9909
5826
671
2612
7066
1813
5130
9238
9421
9424
4118
2918
6997
1538
2570
2941
4529
9236
5052
2838
3892
2664
96
5959
9298
4464
4704
5099
7707
4193
6482
9015
772
1688
5966
2333
5594
3672
5373
5561
7970
2277
85
8719
5651
5598
7315
2426
2708
9121
6042
902
5037
7128
2872
5342
8069
7440
7755
6002
596
4069
1120
8946
5009
3345
153
6514
5104
6646
190
9917
7069
1003
8283
7459
1485
2903
8557
7170
5567
3225
2529
3537
6640
8168
9689
9899
7374
5067
5801
9027
88
8842
6441
8294
8932
5167
3247
881
7806
7853
3238
9950
5895
6815
9657
3647
6049
9391
7988
1421
9523
7857
8956
3730
9230
4953
6526
7202
4725
8347
5791
6297
9025
4827
9200
2670
2544
6333
2061
244
1890
4335
3479
6645
1654
1419
9568
6575
1307
8469
4115
3532
9440
3741
8748
7398
4403
3047
3729
188
4884
4509
8753
7985
9571
5909
964
9630
5732
4604
9925
5784
263
1345
3195
7996
8095
6198
3877
734
9227
132
9760
6041
5915
4617
9879
9020
3230
7783
3271
1592
8574
7343
3765
8255
7937
7891
1001
5096
5210
7496
9762
4921
7590
7760
1782
9231
6497
8501
6955
6690
7240
4874
1433
2022
8717
3673
4787
8583
5533
2327
5111
1430
423
5943
3265
2870
2103
3130
2355
4107
7641
425
6950
8626
6253
9495
8506
599
433
654
9746
1173
7104
4487
4505
3971
2695
1435
9165
1499
4307
9501
4972
6991
731
9492
1453
2404
9530
9164
5799
7484
6542
1693
7266
5121
5237
7231
2786
9735
8847
2773
6062
9507
4578
6416
6642
1022
2249
8873
6748
8562
4694
2960
7327
3854
2377
1788
2221
7667
6317
633
6545
186
6323
4326
7377
4640
9698
7177
2851
5916
8174
1382
2348
5234
1998
873
7478
8001
4917
6953
1147
7640
1221
692
5860
6367
6699
1359
992
848
7615
2455
3422
1300
628
3821
8697
3500
3278
466
1431
8045
1267
6563
5576
8309
6439
7278
323
4231
9700
9084
1965
6825
3866
7834
1023
1946
5539
6721
1456
6263
3839
6474
2548
7705
8259
2129
6939
1344
6092
6670
1902
6010
4746
3750
8538
4791
4441
2812
6264
4557
5346
4455
4300
8017
7359
8319
7535
2424
7449
2881
7962
2188
7953
4205
2516
8969
9340
548
3681
1978
7271
7729
7325
531
3272
8303
6759
4373
3909
5207
3116
9470
1464
7491
9615
8960
5713
4010
6952
715
4922
727
4226
3546
2985
5513
7228
7441
7185
5503
6898
1972
2323
9183
2247
4997
8434
4588
8834
7587
9251
5449
6375
8963
1363
1040
4688
2116
7964
2784
2304
510
2330
3903
6763
8438
4176
1724
6880
7797
4123
5146
899
8395
5336
9420
6850
7502
7396
1851
7559
916
9888
9938
2282
9691
3577
2622
3122
3448
5543
7428
9914
6182
6757
9357
7002
1548
4854
4213
6780
1867
4399
2936
3906
3099
5681
4999
6557
9781
5314
8253
8125
1358
8948
956
6405
8207
5401
2408
9150
7235
9714
3001
317
9023
3209
8782
2413
2368
3221
8638
2018
3853
6486
8973
4735
5215
9483
9153
2073
9280
1588
3253
8854
2243
9037
7389
6894
9154
4339
5083
4485
8656
5343
8802
1748
7794
7735
7751
6648
5662
4376
9175
2749
5385
2414
2086
3341
661
5019
2515
5114
9890
4084
7303
163
4832
2814
1175
2951
766
8833
6657
1514
7772
291
9300
1103
909
5190
262
3378
7425
8607
771
8486
3015
346
5441
893
5335
8027
7972
3012
5344
5050
6684
2186
9368
2492
178
8532
970
6247
6795
9210
9614
3695
144
185
7843
2141
6962
4956
4494
9055
562
757
2769
9797
9316
3701
706
5341
2432
3429
8592
941
8286
7056
3457
1333
770
8310
5882
749
9243
1188
241
6240
7879
5920
8715
476
6519
858
3441
4772
8200
2027
3009
3220
9641
2889
1873
9535
8006
233
9133
3161
9411
9817
8693
8183
4000
6185
585
6635
8984
7671
3778
5545
9881
853
1725
4216
4761
6591
9845
1395
5932
7147
2758
635
120
7233
3650
1154
8577
9612
5023
1960
2910
5707
3689
1277
4952
9977
5843
3983
1979
7464
2977
5763
7609
2437
5337
2858
8711
4274
8848
8064
197
8612
2848
9270
9833
9144
559
8386
3968
7600
2963
3530
2899
2668
5257
816
7086
5124
785
7657
2675
4203
2059
7601
6051
3184
8724
4520
9193
3112
5748
4235
9272
8208
216
3095
1018
8959
949
3862
58
7297
1283
248
267
1240
9033
5875
6369
1109
9660
5683
4222
7344
8332
3950
8154
87
2201
3284
518
7417
6942
3735
28
9090
3625
7862
3545
5953
208
7010
3208
3052
8620
5846
1224
8021
7188
1955
5351
6009
1694
1099
5380
6536
5584
7864
1383
8707
5188
8694
8740
836
1786
7738
9770
7665
8595
7863
8362
7748
3259
9348
1727
8631
9667
7973
5884
8165
7647
6681
4685
5632
4713
9073
6707
6909
1906
6540
5352
4251
4106
9449
4763
9358
3387
2874
8349
5001
7595
8320
1861
7989
6004
6403
4004
5655
94
7592
5565
494
5014
1314
1366
1137
8664
1543
5470
8494
7232
7307
2122
1061
6138
8447
9658
121
5511
9356
540
7874
2220
977
2436
230
6389
2099
3738
1326
2964
8846
5897
6974
5981
6680
7455
4076
6586
199
6772
3962
2468
1795
8054
3041
4312
3993
8982
5776
5312
1222
7624
4666
862
3115
514
4447
4219
1024
4092
3737
6437
192
3800
6664
2943
7525
5700
5600
3055
8033
6745
2208
6122
542
1927
3425
56
6166
2840
6280
1995
1665
1413
9619
4381
8552
7759
9789
7682
9317
2130
657
1491
8314
1244
2568
1386
3002
417
1216
1675
3835
4734
8604
288
1553
652
6846
7167
2476
4594
9059
7076
8223
6462
648
2766
6000
3026
545
3173
8453
3181
3349
7710
4277
5118
4282
2400
7877
5873
933
4683
4788
9439
8636
8160
4750
7946
3203
2224
5954
4660
6654
534
2258
8343
6510
3715
2820
3149
2533
897
9373
9099
6874
6424
4798
1604
8773
1846
7833
307
6703
9930
7632
63
1191
7848
3648
5828
4696
5983
3084
7711
3967
4182
2326
8949
6744
3455
7808
1647
1626
8338
6191
6579
8660
243
8625
3963
7631
2111
5366
4634
8762
4168
374
4196
4904
7474
8354
2351
7581
9994
4936
1093
4252
9775
8558
1158
7902
7163
1035
6882
5631
1044
170
3197
958
2994
1236
407
6098
5233
6682
4893
4728
1034
3350
5657
2229
2634
1516
5990
6569
5228
7009
7274
3975
768
8182
6917
4250
4573
2958
2501
9649
4099
6397
7094
4714
1534
2463
9910
4126
3262
7199
4988
4708
7563
3062
5488
9381
7566
4280
204
7643
9751
3718
9515
9264
2826
1589
9644
4574
292
7323
579
6176
7770
1632
8300
4354
1442
17
2361
4860
6443
7507
9375
47
8891
6148
1251
5276
9032
1541
3328
7931
7831
2868
8838
3224
1297
611
2091
7753
8716
3888
5810
2700
9748
2475
2341
6195
8862
8221
3482
986
3420
1677
6517
6618
8951
5271
4960
3684
8581
2335
6135
9503
8413
4878
7528
586
7458
7071
5603
9617
3702
4991
3960
5645
2932
7952
9664
217
5574
4855
5280
1769
2260
3133
6601
1029
1105
1272
6641
5274
385
8222
5844
1794
9378
6417
5952
6960
3721
1293
187
3409
8093
3505
665
5241
4845
543
8953
173
3606
6105
9198
3654
7737
1741
6368
215
8399
8422
9560
7499
3288
7029
8187
6169
4338
2286
8654
5823
6938
2816
2420
6237
3857
8537
8829
2765
4224
3517
8170
6244
4551
7125
2072
2380
1245
5376
3382
1932
2281
3310
3101
3923
3205
8820
1717
9722
9527
2811
1228
6018
584
8756
2687
7225
6794
6201
9126
1479
3495
7503
6587
3691
6112
8299
8360
7037
9836
5812
8672
8256
7157
403
2510
24
5045
6676
5941
4173
5119
2472
450
1925
6945
1488
3915
9904
3333
636
7572
1919
31
4513
9504
1852
4434
9636
5406
5377
1356
3936
3777
7324
5821
1153
3599
4301
1076
3344
1458
6550
5317
6729
5862
3581
3527
1625
9715
1746
7829
2753
2032
9146
804
2360
5186
877
9699
1476
5578
4978
1768
2737
2288
414
1140
3485
7362
1128
3214
5394
7024
3692
6797
646
2998
4017
1791
829
701
739
8098
4467
5491
9045
8818
8515
3339
487
4993
6078
9170
1821
3323
5697
9205
6343
2467
616
2852
5647
9695
3413
1268
819
6380
4541
1718
849
6420
4624
3935
575
6021
7285
9553
1944
2276
2736
6589
6295
4016
5278
2876
7990
1234
1945
7142
7979
9240
2181
1597
6177
386
7811
488
4460
481
5515
4110
3127
8324
7785
9997
3427
4013
5231
195
8695
7191
2069
5425
5967
9682
2937
9882
9880
5825
4784
6354
2535
5433
827
4702
6996
6372
6741
4149
8142
1892
3661
8426
8524
8769
4063
1962
4422
4286
2034
3194
1664
3175
8359
7122
1536
7033
5708
8082
6888
1587
8987
7387
9856
2050
5881
7699
4842
6961
6859
9382
7376
5597
122
7501
811
3624
6469
1818
3944
4080
8102
5350
251
6064
4053
4591
5061
9304
1605
9477
2325
6806
676
9951
452
9441
8624
3327
1448
9717
